Fila 1
-------  ----------  -------  --------  ---------  --------  -------  -------  -------  -------  -
67198.8   9979.02    47241.5   9916.38  1272.74    10038.1   17155.7  18110.6  15623    5060.6   0
50002.5      3.5168  49999        0        4.9208  49997.6       0        0        0       0     0
66964.1   9763.59    47103.6  10039.1   1281.68     9870.71  17194.1  17726.7  15645.6  5303.13  0
67077.5   9875.58    47196.5   9940.36  1187.17     8963.92  15988.2  18670.7  16919.6  5412.88  0
67175.6  10016.3     47280.2   9816.86  1350.55    10172.2   17059.8  17707.7  15639    5308.6   0
-------  ----------  -------  --------  ---------  --------  -------  -------  -------  -------  -
Fila 2
-------  ----------  -------  --------  ---------  --------  -------  -------  -------  -------  -
67198.8   9979.02    47241.5   9916.38  1272.74    10038.1   17155.7  18110.6  15623    5060.6   0
50002.5      3.5168  49999        0        4.9208  49997.6       0        0        0       0     0
66964.1   9763.59    47103.6  10039.1   1281.68     9870.71  17194.1  17726.7  15645.6  5303.13  0
67077.5   9875.58    47196.5   9940.36  1187.17     8963.92  15988.2  18670.7  16919.6  5412.88  0
67175.6  10016.3     47280.2   9816.86  1350.55    10172.2   17059.8  17707.7  15639    5308.6   0
-------  ----------  -------  --------  ---------  --------  -------  -------  -------  -------  -

