Fila 1
-------  -------  -------  -------  -------
67147.5  721.631  32044.1  31431.7  2950.06
50001.1    2.5    16666.7  33331.9     0
66905.3  692.632  31525.7  31662.7  3024.2
67026.9  690.818  31743.1  31658.4  2934.56
67129.5  700.358  32172.6  31301.3  2955.27
-------  -------  -------  -------  -------
Fila 2
-------  ---------  --------  -------  -------  -------  -------
67147.5  1199.12     9813.72  17119.4  18321    15922.4  4771.83
50001.1     4.5008  36770.8   13225.8      0        0       0
66905.3  1178.97    10032.2   17668.6  18062.3  15207.7  4755.5
67026.9  1223.41     9787.19  17630.3  18113.8  15452.5  4819.73
67129.5  1350.1     10660.4   18126.1  17868.8  14736.5  4387.5
-------  ---------  --------  -------  -------  -------  -------

